[gd_scene load_steps=7 format=3 uid="uid://cd1g0fc670suc"]

[ext_resource type="Texture2D" uid="uid://cr0cwcfylcf05" path="res://textures/pinball_screen_texture.tres" id="1_x1yod"]
[ext_resource type="PackedScene" uid="uid://qc8mond1ye32" path="res://scenes/InnerPinball.tscn" id="2_bqf6q"]

[sub_resource type="PlaneMesh" id="PlaneMesh_f0y4l"]

[sub_resource type="PlaneMesh" id="PlaneMesh_3vop3"]

[sub_resource type="StandardMaterial3D" id="StandardMaterial3D_jpba1"]
resource_local_to_scene = true
shading_mode = 0
albedo_texture = ExtResource("1_x1yod")

[sub_resource type="World3D" id="World3D_5wiho"]

[node name="OuterPinball" type="Node3D"]

[node name="Camera3D" type="Camera3D" parent="."]
transform = Transform3D(1, 0, 0, 0, 0.857194, 0.514993, 0, -0.514993, 0.857194, 0, 0.215427, 0.0501258)

[node name="DirectionalLight3D" type="DirectionalLight3D" parent="."]
transform = Transform3D(0.0781754, -0.984341, 0.157993, 0.352543, 0.175534, 0.919185, -0.932525, -0.0161583, 0.360745, 4.35084, 0, -0.512858)

[node name="Ground Plane" type="CSGMesh3D" parent="."]
transform = Transform3D(1, 0, 0, 0, 0.986771, -0.162121, 0, 0.162121, 0.986771, 0, -0.0865823, -1.23912)
mesh = SubResource("PlaneMesh_f0y4l")

[node name="Screen Plane" type="CSGMesh3D" parent="."]
transform = Transform3D(0.133551, 0, 0, 0, 0.0345655, -0.129, 0, 0.129, 0.0345655, 0.00724739, -0.000899084, -0.214527)
mesh = SubResource("PlaneMesh_3vop3")
material = SubResource("StandardMaterial3D_jpba1")

[node name="SubViewport" type="SubViewport" parent="."]
own_world_3d = true
world_3d = SubResource("World3D_5wiho")

[node name="InnerPinball" parent="SubViewport" instance=ExtResource("2_bqf6q")]
transform = Transform3D(1, 0, 0, 0, 1, 0, 0, 0, 1, 3.81355, 0.128625, 0)
